,Summary,Size of Government,Legal System and Property Rights,Sound Money,Freedom to Trade Internationally,Regulation
Summary,1.0,0.31,0.76,0.84,0.88,0.83
Size of Government,0.31,1.0,-0.12,0.14,0.15,0.17
Legal System and Property Rights,0.76,-0.12,1.0,0.52,0.63,0.65
Sound Money,0.84,0.14,0.52,1.0,0.69,0.6
Freedom to Trade Internationally,0.88,0.15,0.63,0.69,1.0,0.65
Regulation,0.83,0.17,0.65,0.6,0.65,1.0
