,Freedom to Trade Internationally,Legal System and Property Rights,Regulation,Size of Government,Sound Money,Summary
Freedom to Trade Internationally,2.87,1.8,1.33,0.31,2.07,1.68
Legal System and Property Rights,1.8,2.82,1.31,-0.25,1.55,1.45
Regulation,1.33,1.31,1.45,0.25,1.28,1.13
Size of Government,0.31,-0.25,0.25,1.47,0.3,0.42
Sound Money,2.07,1.55,1.28,0.3,3.11,1.67
Summary,1.68,1.45,1.13,0.42,1.67,1.27
