,Freedom to Trade Internationally,Legal System and Property Rights,Regulation,Size of Government,Sound Money,Summary
Freedom to Trade Internationally,1.0,0.63,0.65,0.15,0.69,0.88
Legal System and Property Rights,0.63,1.0,0.65,-0.12,0.52,0.76
Regulation,0.65,0.65,1.0,0.17,0.6,0.83
Size of Government,0.15,-0.12,0.17,1.0,0.14,0.31
Sound Money,0.69,0.52,0.6,0.14,1.0,0.84
Summary,0.88,0.76,0.83,0.31,0.84,1.0
