,Freedom to trade internationally,Legal System & Property Rights,Regulation,Size of Government,Sound Money,Summary
Freedom to trade internationally,1.0,0.63,0.66,0.16,0.7,0.88
Legal System & Property Rights,0.63,1.0,0.63,-0.11,0.52,0.76
Regulation,0.66,0.63,1.0,0.17,0.6,0.82
Size of Government,0.16,-0.11,0.17,1.0,0.15,0.31
Sound Money,0.7,0.52,0.6,0.15,1.0,0.84
Summary,0.88,0.76,0.82,0.31,0.84,1.0
