,Freedom to trade internationally,Legal System & Property Rights,Regulation,Size of Government,Sound Money,Summary
Freedom to trade internationally,2.75,1.76,1.29,0.32,2.05,1.63
Legal System & Property Rights,1.76,2.84,1.25,-0.23,1.54,1.44
Regulation,1.29,1.25,1.39,0.24,1.25,1.09
Size of Government,0.32,-0.23,0.24,1.45,0.31,0.42
Sound Money,2.05,1.54,1.25,0.31,3.14,1.67
Summary,1.63,1.44,1.09,0.42,1.67,1.25
